%!PS-Adobe-3.0 EPSF-3.0
%%DocumentNeededResources: font Helvetica
%%+ font Helvetica-Bold
%%+ font Helvetica-Oblique
%%+ font Helvetica-BoldOblique
%%+ font Symbol
%%Title: R Graphics Output
%%Creator: R Software
%%Pages: (atend)
%%BoundingBox: 0 0 864 792
%%EndComments
%%BeginProlog
/bp  { gs sRGB gs } def
% begin .ps.prolog
/gs  { gsave } bind def
/gr  { grestore } bind def
/ep  { showpage gr gr } bind def
/m   { moveto } bind def
/l  { rlineto } bind def
/np  { newpath } bind def
/cp  { closepath } bind def
/f   { fill } bind def
/o   { stroke } bind def
/c   { newpath 0 360 arc } bind def
/r   { 4 2 roll moveto 1 copy 3 -1 roll exch 0 exch rlineto 0 rlineto -1 mul 0 exch rlineto closepath } bind def
/p1  { stroke } bind def
/p2  { gsave bg fill grestore newpath } bind def
/p3  { gsave bg fill grestore stroke } bind def
/p6  { gsave bg eofill grestore newpath } bind def
/p7  { gsave bg eofill grestore stroke } bind def
/t   { 5 -2 roll moveto gsave rotate
       1 index stringwidth pop
       mul neg 0 rmoveto show grestore } bind def
/ta  { 4 -2 roll moveto gsave rotate show } bind def
/tb  { 2 -1 roll 0 rmoveto show } bind def
/cl  { grestore gsave newpath 3 index 3 index moveto 1 index
       4 -1 roll lineto  exch 1 index lineto lineto
       closepath clip newpath } bind def
/rgb { setrgbcolor } bind def
/s   { scalefont setfont } bind def
% end   .ps.prolog
/sRGB { [ /CIEBasedABC
          << /DecodeLMN
               [ { dup 0.03928 le
                        {12.92321 div}
                        {0.055 add 1.055 div 2.4 exp }
                     ifelse
                 } bind dup dup
               ]
             /MatrixLMN [0.412457 0.212673 0.019334
                         0.357576 0.715152 0.119192
                         0.180437 0.072175 0.950301]
             /WhitePoint [0.9505 1.0 1.0890]
           >>
         ] setcolorspace } bind def
/srgb { setcolor } bind def
%%IncludeResource: font Helvetica
/Helvetica findfont
dup length dict begin
  {1 index /FID ne {def} {pop pop} ifelse} forall
  /Encoding ISOLatin1Encoding def
  currentdict
  end
/Font1 exch definefont pop
%%IncludeResource: font Helvetica-Bold
/Helvetica-Bold findfont
dup length dict begin
  {1 index /FID ne {def} {pop pop} ifelse} forall
  /Encoding ISOLatin1Encoding def
  currentdict
  end
/Font2 exch definefont pop
%%IncludeResource: font Helvetica-Oblique
/Helvetica-Oblique findfont
dup length dict begin
  {1 index /FID ne {def} {pop pop} ifelse} forall
  /Encoding ISOLatin1Encoding def
  currentdict
  end
/Font3 exch definefont pop
%%IncludeResource: font Helvetica-BoldOblique
/Helvetica-BoldOblique findfont
dup length dict begin
  {1 index /FID ne {def} {pop pop} ifelse} forall
  /Encoding ISOLatin1Encoding def
  currentdict
  end
/Font4 exch definefont pop
%%IncludeResource: font Symbol
/Symbol findfont
dup length dict begin
  {1 index /FID ne {def} {pop pop} ifelse} forall
  currentdict
  end
/Font5 exch definefont pop
%%EndProlog
%%Page: 1 1
bp
0.00 0.00 864.00 792.00 cl
0.00 0.00 864.00 792.00 cl
0.00 0.00 864.00 792.00 cl
0.00 0.00 864.00 792.00 cl
0.00 0.00 864.00 792.00 cl
0.00 0.00 864.00 792.00 cl
0.00 0.00 864.00 792.00 cl
0.00 0.00 864.00 792.00 cl
0.00 0.00 864.00 792.00 cl
0.00 0.00 864.00 792.00 cl
0.00 0.00 864.00 792.00 cl
0.00 396.00 864.00 792.00 cl
/bg { 1 1 1 srgb } def
1 1 1 srgb
1.07 setlinewidth
[] 0 setdash
1 setlinecap
1 setlinejoin
10.00 setmiterlimit
0.00 396.00 864.00 396.00 r p3
0.00 0.00 864.00 792.00 cl
50.57 532.56 316.24 765.10 cl
/bg { 0.5686 0.1176 0.7059 srgb } def
249.82 543.15 29.16 211.38 r p2
120.23 543.15 29.16 211.38 r p2
55.43 543.17 29.16 211.36 r p2
87.83 543.17 29.16 211.36 r p2
152.63 543.19 29.16 211.34 r p2
185.02 543.17 29.16 211.34 r p2
217.42 543.22 29.16 211.30 r p2
282.22 543.28 29.16 211.24 r p2
/bg { 0.7373 0.9647 0.0471 srgb } def
282.22 543.21 29.16 0.08 r p2
217.42 543.17 29.16 0.06 r p2
/bg { 1 0.3882 0.2784 srgb } def
87.83 543.13 29.16 0.04 r p2
/bg { 0.5176 0.4392 1 srgb } def
185.02 543.13 29.16 0.04 r p2
282.22 543.15 29.16 0.04 r p2
/bg { 0.9020 0.7451 1 srgb } def
282.22 543.19 29.16 0.02 r p2
217.42 543.15 29.16 0.02 r p2
/bg { 0 0 0.4588 srgb } def
152.63 543.15 29.16 0.02 r p2
/bg { 0.9020 0.0980 0.2941 srgb } def
185.02 754.51 29.16 0.02 r p2
/bg { 0 0 0 srgb } def
217.42 543.13 29.16 0.02 r p2
152.63 543.13 29.16 0.02 r p2
/bg { 0.9412 0.1961 0.9020 srgb } def
55.43 543.13 29.16 0.02 r p2
/bg { 1 0.3882 0.2784 srgb } def
249.82 543.13 29.16 0.02 r p2
282.22 543.13 29.16 0.02 r p2
/bg { 0.5176 0.4392 1 srgb } def
120.23 543.13 29.16 0.02 r p2
/bg { 1 0.8471 0.6941 srgb } def
152.63 543.17 29.16 0.02 r p2
/bg { 0.2745 0.9412 0.9412 srgb } def
55.43 543.15 29.16 0.02 r p2
/bg { 0.5020 0.5020 0 srgb } def
249.82 543.15 29.16 0.00 r p2
120.23 543.15 29.16 0.00 r p2
185.02 543.17 29.16 0.00 r p2
282.22 543.19 29.16 0.00 r p2
152.63 543.19 29.16 0.00 r p2
87.83 543.17 29.16 0.00 r p2
217.42 543.15 29.16 0.00 r p2
55.43 543.13 29.16 0.00 r p2
/bg { 0.6667 1 0.7647 srgb } def
120.23 543.15 29.16 0.00 r p2
55.43 543.13 29.16 0.00 r p2
152.63 543.19 29.16 0.00 r p2
282.22 543.19 29.16 0.00 r p2
249.82 543.15 29.16 0.00 r p2
87.83 543.17 29.16 0.00 r p2
185.02 543.17 29.16 0.00 r p2
217.42 543.15 29.16 0.00 r p2
/bg { 0.9804 0.7451 0.7451 srgb } def
152.63 543.19 29.16 0.00 r p2
120.23 543.15 29.16 0.00 r p2
282.22 543.21 29.16 0.00 r p2
185.02 543.17 29.16 0.00 r p2
249.82 543.15 29.16 0.00 r p2
55.43 543.13 29.16 0.00 r p2
217.42 543.17 29.16 0.00 r p2
87.83 543.17 29.16 0.00 r p2
/bg { 0.5020 0 0 srgb } def
152.63 543.19 29.16 0.00 r p2
249.82 543.15 29.16 0.00 r p2
120.23 543.15 29.16 0.00 r p2
87.83 543.17 29.16 0.00 r p2
55.43 543.13 29.16 0.00 r p2
282.22 543.19 29.16 0.00 r p2
217.42 543.15 29.16 0.00 r p2
185.02 543.17 29.16 0.00 r p2
/bg { 0.9020 0.7451 1 srgb } def
55.43 543.13 29.16 0.00 r p2
87.83 543.17 29.16 0.00 r p2
120.23 543.15 29.16 0.00 r p2
185.02 543.17 29.16 0.00 r p2
249.82 543.15 29.16 0.00 r p2
152.63 543.19 29.16 0.00 r p2
/bg { 0.5020 0.5020 0.5020 srgb } def
152.63 543.15 29.16 0.00 r p2
185.02 543.17 29.16 0.00 r p2
55.43 543.13 29.16 0.00 r p2
217.42 543.15 29.16 0.00 r p2
120.23 543.15 29.16 0.00 r p2
87.83 543.17 29.16 0.00 r p2
282.22 543.19 29.16 0.00 r p2
249.82 543.15 29.16 0.00 r p2
/bg { 0 0 0.4588 srgb } def
87.83 543.17 29.16 0.00 r p2
282.22 543.19 29.16 0.00 r p2
120.23 543.15 29.16 0.00 r p2
55.43 543.13 29.16 0.00 r p2
249.82 543.15 29.16 0.00 r p2
217.42 543.15 29.16 0.00 r p2
185.02 543.17 29.16 0.00 r p2
/bg { 0 0.5020 0.5020 srgb } def
55.43 543.13 29.16 0.00 r p2
185.02 543.17 29.16 0.00 r p2
282.22 543.21 29.16 0.00 r p2
249.82 543.15 29.16 0.00 r p2
120.23 543.15 29.16 0.00 r p2
87.83 543.17 29.16 0.00 r p2
152.63 543.19 29.16 0.00 r p2
217.42 543.17 29.16 0.00 r p2
/bg { 0.9020 0.0980 0.2941 srgb } def
120.23 754.53 29.16 0.00 r p2
282.22 754.53 29.16 0.00 r p2
152.63 754.53 29.16 0.00 r p2
249.82 754.53 29.16 0.00 r p2
87.83 754.53 29.16 0.00 r p2
55.43 754.53 29.16 0.00 r p2
217.42 754.53 29.16 0.00 r p2
/bg { 0.9608 0.5098 0.1922 srgb } def
55.43 543.13 29.16 0.00 r p2
249.82 543.15 29.16 0.00 r p2
120.23 543.15 29.16 0.00 r p2
185.02 543.17 29.16 0.00 r p2
87.83 543.17 29.16 0.00 r p2
282.22 543.21 29.16 0.00 r p2
152.63 543.19 29.16 0.00 r p2
217.42 543.17 29.16 0.00 r p2
/bg { 0 0 0 srgb } def
87.83 543.17 29.16 0.00 r p2
185.02 543.13 29.16 0.00 r p2
282.22 543.15 29.16 0.00 r p2
120.23 543.13 29.16 0.00 r p2
55.43 543.13 29.16 0.00 r p2
249.82 543.15 29.16 0.00 r p2
/bg { 0.2627 0.3882 0.8471 srgb } def
55.43 754.53 29.16 0.00 r p2
87.83 754.53 29.16 0.00 r p2
185.02 754.51 29.16 0.00 r p2
282.22 754.53 29.16 0.00 r p2
120.23 754.53 29.16 0.00 r p2
152.63 754.53 29.16 0.00 r p2
217.42 754.53 29.16 0.00 r p2
249.82 754.53 29.16 0.00 r p2
/bg { 1 0.9804 0.7843 srgb } def
185.02 543.17 29.16 0.00 r p2
217.42 543.15 29.16 0.00 r p2
120.23 543.15 29.16 0.00 r p2
87.83 543.17 29.16 0.00 r p2
282.22 543.19 29.16 0.00 r p2
249.82 543.15 29.16 0.00 r p2
152.63 543.19 29.16 0.00 r p2
55.43 543.13 29.16 0.00 r p2
/bg { 0.7373 0.9647 0.0471 srgb } def
120.23 543.15 29.16 0.00 r p2
87.83 543.17 29.16 0.00 r p2
55.43 543.13 29.16 0.00 r p2
152.63 543.19 29.16 0.00 r p2
185.02 543.17 29.16 0.00 r p2
249.82 543.15 29.16 0.00 r p2
/bg { 0.9412 0.1961 0.9020 srgb } def
185.02 543.17 29.16 0.00 r p2
217.42 543.22 29.16 0.00 r p2
120.23 543.15 29.16 0.00 r p2
282.22 543.28 29.16 0.00 r p2
152.63 543.19 29.16 0.00 r p2
249.82 543.15 29.16 0.00 r p2
87.83 543.17 29.16 0.00 r p2
/bg { 1 0.3882 0.2784 srgb } def
217.42 543.13 29.16 0.00 r p2
120.23 543.13 29.16 0.00 r p2
55.43 543.13 29.16 0.00 r p2
185.02 543.13 29.16 0.00 r p2
152.63 543.13 29.16 0.00 r p2
/bg { 0.5176 0.4392 1 srgb } def
87.83 543.17 29.16 0.00 r p2
55.43 543.13 29.16 0.00 r p2
217.42 543.15 29.16 0.00 r p2
152.63 543.15 29.16 0.00 r p2
249.82 543.15 29.16 0.00 r p2
/bg { 1 0.8824 0.0980 srgb } def
217.42 754.53 29.16 0.00 r p2
120.23 754.53 29.16 0.00 r p2
87.83 754.53 29.16 0.00 r p2
152.63 754.53 29.16 0.00 r p2
249.82 754.53 29.16 0.00 r p2
185.02 754.51 29.16 0.00 r p2
282.22 754.53 29.16 0.00 r p2
55.43 754.53 29.16 0.00 r p2
/bg { 1 0.8471 0.6941 srgb } def
185.02 543.17 29.16 0.00 r p2
87.83 543.17 29.16 0.00 r p2
120.23 543.15 29.16 0.00 r p2
282.22 543.19 29.16 0.00 r p2
217.42 543.15 29.16 0.00 r p2
249.82 543.15 29.16 0.00 r p2
55.43 543.13 29.16 0.00 r p2
/bg { 0.2353 0.7059 0.2941 srgb } def
185.02 754.51 29.16 0.00 r p2
87.83 754.53 29.16 0.00 r p2
282.22 754.53 29.16 0.00 r p2
152.63 754.53 29.16 0.00 r p2
120.23 754.53 29.16 0.00 r p2
217.42 754.53 29.16 0.00 r p2
55.43 754.53 29.16 0.00 r p2
249.82 754.53 29.16 0.00 r p2
/bg { 0.6039 0.3882 0.1412 srgb } def
152.63 543.19 29.16 0.00 r p2
120.23 543.15 29.16 0.00 r p2
185.02 543.17 29.16 0.00 r p2
249.82 543.15 29.16 0.00 r p2
282.22 543.19 29.16 0.00 r p2
55.43 543.13 29.16 0.00 r p2
87.83 543.17 29.16 0.00 r p2
217.42 543.15 29.16 0.00 r p2
/bg { 0.2745 0.9412 0.9412 srgb } def
282.22 543.28 29.16 0.00 r p2
120.23 543.15 29.16 0.00 r p2
217.42 543.22 29.16 0.00 r p2
185.02 543.17 29.16 0.00 r p2
249.82 543.15 29.16 0.00 r p2
87.83 543.17 29.16 0.00 r p2
152.63 543.19 29.16 0.00 r p2
0 0 0 srgb
0.43 setlinewidth
[] 0 setdash
1 setlinecap
1 setlinejoin
10.00 setmiterlimit
50.57 532.56 265.66 232.53 r p1
0.00 0.00 864.00 792.00 cl
321.72 532.56 587.38 765.10 cl
/bg { 0.5686 0.1176 0.7059 srgb } def
358.97 544.04 29.16 210.22 r p2
326.57 544.23 29.16 210.18 r p2
456.17 558.77 29.16 195.49 r p2
423.77 561.03 29.16 193.06 r p2
391.37 561.96 29.16 192.26 r p2
553.36 608.10 29.16 145.76 r p2
488.56 612.67 29.16 141.17 r p2
520.96 612.80 29.16 141.06 r p2
/bg { 1 0.3882 0.2784 srgb } def
520.96 543.13 29.16 68.50 r p2
488.56 543.13 29.16 68.00 r p2
553.36 543.13 29.16 64.08 r p2
391.37 543.13 29.16 17.94 r p2
423.77 543.13 29.16 16.63 r p2
456.17 543.13 29.16 13.84 r p2
/bg { 0 0 0.4588 srgb } def
456.17 556.97 29.16 1.78 r p2
/bg { 0.5176 0.4392 1 srgb } def
488.56 611.13 29.16 1.48 r p2
/bg { 0 0 0.4588 srgb } def
423.77 559.76 29.16 1.27 r p2
/bg { 0.5176 0.4392 1 srgb } def
520.96 611.63 29.16 1.10 r p2
/bg { 0 0 0.4588 srgb } def
326.57 543.15 29.16 1.01 r p2
358.97 543.13 29.16 0.91 r p2
391.37 561.10 29.16 0.85 r p2
/bg { 0.5176 0.4392 1 srgb } def
553.36 607.21 29.16 0.82 r p2
/bg { 0.2627 0.3882 0.8471 srgb } def
488.56 753.84 29.16 0.47 r p2
/bg { 0.2353 0.7059 0.2941 srgb } def
553.36 754.11 29.16 0.42 r p2
520.96 754.11 29.16 0.42 r p2
423.77 754.13 29.16 0.40 r p2
391.37 754.24 29.16 0.28 r p2
358.97 754.26 29.16 0.27 r p2
/bg { 0.2627 0.3882 0.8471 srgb } def
553.36 753.86 29.16 0.25 r p2
520.96 753.86 29.16 0.25 r p2
/bg { 0.2353 0.7059 0.2941 srgb } def
456.17 754.28 29.16 0.25 r p2
488.56 754.32 29.16 0.21 r p2
326.57 754.41 29.16 0.11 r p2
/bg { 0 0.5020 0.5020 srgb } def
553.36 608.06 29.16 0.04 r p2
/bg { 0.2627 0.3882 0.8471 srgb } def
423.77 754.09 29.16 0.04 r p2
/bg { 0.5176 0.4392 1 srgb } def
391.37 561.07 29.16 0.04 r p2
/bg { 0.6039 0.3882 0.1412 srgb } def
326.57 544.17 29.16 0.04 r p2
/bg { 0.9804 0.7451 0.7451 srgb } def
326.57 544.21 29.16 0.02 r p2
520.96 612.79 29.16 0.02 r p2
/bg { 0.5020 0 0 srgb } def
326.57 544.15 29.16 0.02 r p2
/bg { 0.9020 0.7451 1 srgb } def
488.56 612.63 29.16 0.02 r p2
520.96 612.75 29.16 0.02 r p2
456.17 558.75 29.16 0.02 r p2
/bg { 0 0 0.4588 srgb } def
488.56 612.61 29.16 0.02 r p2
553.36 608.02 29.16 0.02 r p2
520.96 612.73 29.16 0.02 r p2
/bg { 0 0.5020 0.5020 srgb } def
520.96 612.77 29.16 0.02 r p2
488.56 612.65 29.16 0.02 r p2
/bg { 0.2627 0.3882 0.8471 srgb } def
456.17 754.26 29.16 0.02 r p2
391.37 754.22 29.16 0.02 r p2
/bg { 1 0.3882 0.2784 srgb } def
326.57 543.13 29.16 0.02 r p2
/bg { 1 0.8471 0.6941 srgb } def
553.36 608.04 29.16 0.02 r p2
/bg { 0.5020 0.5020 0 srgb } def
423.77 561.03 29.16 0.00 r p2
326.57 544.15 29.16 0.00 r p2
456.17 558.75 29.16 0.00 r p2
488.56 612.63 29.16 0.00 r p2
520.96 612.75 29.16 0.00 r p2
358.97 544.04 29.16 0.00 r p2
553.36 608.06 29.16 0.00 r p2
391.37 561.96 29.16 0.00 r p2
/bg { 0.6667 1 0.7647 srgb } def
456.17 558.75 29.16 0.00 r p2
358.97 544.04 29.16 0.00 r p2
423.77 561.03 29.16 0.00 r p2
326.57 544.15 29.16 0.00 r p2
553.36 608.06 29.16 0.00 r p2
520.96 612.75 29.16 0.00 r p2
488.56 612.63 29.16 0.00 r p2
391.37 561.96 29.16 0.00 r p2
/bg { 0.9804 0.7451 0.7451 srgb } def
456.17 558.77 29.16 0.00 r p2
391.37 561.96 29.16 0.00 r p2
358.97 544.04 29.16 0.00 r p2
553.36 608.10 29.16 0.00 r p2
423.77 561.03 29.16 0.00 r p2
488.56 612.67 29.16 0.00 r p2
/bg { 0.5020 0 0 srgb } def
358.97 544.04 29.16 0.00 r p2
423.77 561.03 29.16 0.00 r p2
488.56 612.63 29.16 0.00 r p2
391.37 561.96 29.16 0.00 r p2
456.17 558.75 29.16 0.00 r p2
553.36 608.06 29.16 0.00 r p2
520.96 612.75 29.16 0.00 r p2
/bg { 0.9020 0.7451 1 srgb } def
358.97 544.04 29.16 0.00 r p2
423.77 561.03 29.16 0.00 r p2
391.37 561.96 29.16 0.00 r p2
326.57 544.21 29.16 0.00 r p2
553.36 608.06 29.16 0.00 r p2
/bg { 0.5020 0.5020 0.5020 srgb } def
326.57 543.15 29.16 0.00 r p2
553.36 608.02 29.16 0.00 r p2
358.97 543.13 29.16 0.00 r p2
391.37 561.10 29.16 0.00 r p2
488.56 612.61 29.16 0.00 r p2
456.17 556.97 29.16 0.00 r p2
423.77 559.76 29.16 0.00 r p2
520.96 612.73 29.16 0.00 r p2
/bg { 0 0.5020 0.5020 srgb } def
358.97 544.04 29.16 0.00 r p2
326.57 544.21 29.16 0.00 r p2
456.17 558.77 29.16 0.00 r p2
423.77 561.03 29.16 0.00 r p2
391.37 561.96 29.16 0.00 r p2
/bg { 0.9020 0.0980 0.2941 srgb } def
358.97 754.53 29.16 0.00 r p2
391.37 754.53 29.16 0.00 r p2
326.57 754.53 29.16 0.00 r p2
423.77 754.53 29.16 0.00 r p2
553.36 754.53 29.16 0.00 r p2
456.17 754.53 29.16 0.00 r p2
520.96 754.53 29.16 0.00 r p2
488.56 754.53 29.16 0.00 r p2
/bg { 0.9608 0.5098 0.1922 srgb } def
553.36 608.10 29.16 0.00 r p2
488.56 612.67 29.16 0.00 r p2
391.37 561.96 29.16 0.00 r p2
326.57 544.23 29.16 0.00 r p2
423.77 561.03 29.16 0.00 r p2
456.17 558.77 29.16 0.00 r p2
358.97 544.04 29.16 0.00 r p2
520.96 612.80 29.16 0.00 r p2
/bg { 0 0 0 srgb } def
391.37 561.07 29.16 0.00 r p2
456.17 556.97 29.16 0.00 r p2
423.77 559.76 29.16 0.00 r p2
358.97 543.13 29.16 0.00 r p2
553.36 607.21 29.16 0.00 r p2
520.96 611.63 29.16 0.00 r p2
326.57 543.15 29.16 0.00 r p2
488.56 611.13 29.16 0.00 r p2
/bg { 0.2627 0.3882 0.8471 srgb } def
326.57 754.41 29.16 0.00 r p2
358.97 754.26 29.16 0.00 r p2
/bg { 1 0.9804 0.7843 srgb } def
391.37 561.96 29.16 0.00 r p2
358.97 544.04 29.16 0.00 r p2
326.57 544.17 29.16 0.00 r p2
423.77 561.03 29.16 0.00 r p2
456.17 558.75 29.16 0.00 r p2
553.36 608.06 29.16 0.00 r p2
520.96 612.75 29.16 0.00 r p2
488.56 612.63 29.16 0.00 r p2
/bg { 0.7373 0.9647 0.0471 srgb } def
553.36 608.10 29.16 0.00 r p2
488.56 612.67 29.16 0.00 r p2
358.97 544.04 29.16 0.00 r p2
456.17 558.77 29.16 0.00 r p2
423.77 561.03 29.16 0.00 r p2
520.96 612.80 29.16 0.00 r p2
391.37 561.96 29.16 0.00 r p2
326.57 544.23 29.16 0.00 r p2
/bg { 0.9412 0.1961 0.9020 srgb } def
358.97 544.04 29.16 0.00 r p2
520.96 612.80 29.16 0.00 r p2
423.77 561.03 29.16 0.00 r p2
456.17 558.77 29.16 0.00 r p2
553.36 608.10 29.16 0.00 r p2
488.56 612.67 29.16 0.00 r p2
391.37 561.96 29.16 0.00 r p2
326.57 544.23 29.16 0.00 r p2
/bg { 1 0.3882 0.2784 srgb } def
358.97 543.13 29.16 0.00 r p2
/bg { 0.5176 0.4392 1 srgb } def
358.97 543.13 29.16 0.00 r p2
326.57 543.15 29.16 0.00 r p2
423.77 559.76 29.16 0.00 r p2
456.17 556.97 29.16 0.00 r p2
/bg { 1 0.8824 0.0980 srgb } def
391.37 754.24 29.16 0.00 r p2
456.17 754.28 29.16 0.00 r p2
358.97 754.26 29.16 0.00 r p2
326.57 754.41 29.16 0.00 r p2
520.96 754.11 29.16 0.00 r p2
488.56 754.32 29.16 0.00 r p2
423.77 754.13 29.16 0.00 r p2
553.36 754.11 29.16 0.00 r p2
/bg { 1 0.8471 0.6941 srgb } def
391.37 561.96 29.16 0.00 r p2
358.97 544.04 29.16 0.00 r p2
423.77 561.03 29.16 0.00 r p2
326.57 544.15 29.16 0.00 r p2
456.17 558.75 29.16 0.00 r p2
488.56 612.63 29.16 0.00 r p2
520.96 612.75 29.16 0.00 r p2
/bg { 0.6039 0.3882 0.1412 srgb } def
391.37 561.96 29.16 0.00 r p2
553.36 608.06 29.16 0.00 r p2
358.97 544.04 29.16 0.00 r p2
520.96 612.75 29.16 0.00 r p2
456.17 558.75 29.16 0.00 r p2
423.77 561.03 29.16 0.00 r p2
488.56 612.63 29.16 0.00 r p2
/bg { 0.2745 0.9412 0.9412 srgb } def
488.56 612.67 29.16 0.00 r p2
326.57 544.23 29.16 0.00 r p2
520.96 612.80 29.16 0.00 r p2
358.97 544.04 29.16 0.00 r p2
391.37 561.96 29.16 0.00 r p2
423.77 561.03 29.16 0.00 r p2
553.36 608.10 29.16 0.00 r p2
456.17 558.77 29.16 0.00 r p2
0 0 0 srgb
0.43 setlinewidth
[] 0 setdash
1 setlinecap
1 setlinejoin
10.00 setmiterlimit
321.72 532.56 265.66 232.53 r p1
0.00 0.00 864.00 792.00 cl
592.86 532.56 858.52 765.10 cl
/bg { 0.5686 0.1176 0.7059 srgb } def
824.50 543.17 29.16 211.36 r p2
792.10 543.24 29.16 211.26 r p2
630.12 543.95 29.16 210.43 r p2
662.51 544.12 29.16 210.33 r p2
597.72 544.31 29.16 210.12 r p2
727.31 605.04 29.16 149.10 r p2
759.71 605.52 29.16 148.55 r p2
694.91 613.43 29.16 140.64 r p2
/bg { 1 0.3882 0.2784 srgb } def
694.91 543.13 29.16 40.69 r p2
727.31 543.13 29.16 39.10 r p2
759.71 543.13 29.16 35.70 r p2
/bg { 1 0.8471 0.6941 srgb } def
694.91 584.37 29.16 28.58 r p2
759.71 579.86 29.16 24.98 r p2
727.31 583.21 29.16 21.30 r p2
/bg { 0 0 0.4588 srgb } def
597.72 543.13 29.16 1.12 r p2
/bg { 0.5176 0.4392 1 srgb } def
727.31 582.23 29.16 0.97 r p2
/bg { 0 0 0.4588 srgb } def
662.51 543.13 29.16 0.95 r p2
/bg { 0.5176 0.4392 1 srgb } def
759.71 578.83 29.16 0.93 r p2
/bg { 0 0 0.4588 srgb } def
630.12 543.13 29.16 0.80 r p2
/bg { 0.5176 0.4392 1 srgb } def
694.91 583.82 29.16 0.53 r p2
/bg { 0.5020 0 0 srgb } def
759.71 604.83 29.16 0.51 r p2
727.31 604.51 29.16 0.38 r p2
/bg { 0.2627 0.3882 0.8471 srgb } def
759.71 754.07 29.16 0.38 r p2
/bg { 0.5020 0 0 srgb } def
694.91 612.96 29.16 0.27 r p2
/bg { 0.2353 0.7059 0.2941 srgb } def
694.91 754.28 29.16 0.25 r p2
/bg { 0.2627 0.3882 0.8471 srgb } def
727.31 754.15 29.16 0.23 r p2
694.91 754.07 29.16 0.21 r p2
/bg { 0.2353 0.7059 0.2941 srgb } def
630.12 754.37 29.16 0.15 r p2
/bg { 0.9608 0.5098 0.1922 srgb } def
727.31 604.91 29.16 0.13 r p2
694.91 613.30 29.16 0.13 r p2
/bg { 0.2353 0.7059 0.2941 srgb } def
727.31 754.39 29.16 0.13 r p2
/bg { 0.5020 0.5020 0.5020 srgb } def
759.71 579.76 29.16 0.09 r p2
/bg { 1 0.3882 0.2784 srgb } def
792.10 543.13 29.16 0.09 r p2
/bg { 0.2353 0.7059 0.2941 srgb } def
597.72 754.43 29.16 0.09 r p2
/bg { 0.9608 0.5098 0.1922 srgb } def
759.71 605.44 29.16 0.08 r p2
/bg { 0.2353 0.7059 0.2941 srgb } def
759.71 754.45 29.16 0.08 r p2
662.51 754.45 29.16 0.08 r p2
/bg { 0.9020 0.7451 1 srgb } def
759.71 605.35 29.16 0.06 r p2
/bg { 0 0.5020 0.5020 srgb } def
694.91 613.24 29.16 0.06 r p2
/bg { 0.5020 0.5020 0 srgb } def
597.72 544.25 29.16 0.04 r p2
/bg { 0 0.5020 0.5020 srgb } def
759.71 605.40 29.16 0.04 r p2
/bg { 0.6667 1 0.7647 srgb } def
630.12 543.93 29.16 0.02 r p2
/bg { 0.9020 0.7451 1 srgb } def
727.31 604.89 29.16 0.02 r p2
694.91 613.22 29.16 0.02 r p2
/bg { 0.5020 0.5020 0.5020 srgb } def
694.91 584.35 29.16 0.02 r p2
/bg { 0 0 0.4588 srgb } def
727.31 583.20 29.16 0.02 r p2
/bg { 0.2627 0.3882 0.8471 srgb } def
792.10 754.51 29.16 0.02 r p2
/bg { 1 0.9804 0.7843 srgb } def
662.51 544.10 29.16 0.02 r p2
/bg { 0.9412 0.1961 0.9020 srgb } def
597.72 544.29 29.16 0.02 r p2
792.10 543.22 29.16 0.02 r p2
/bg { 1 0.3882 0.2784 srgb } def
824.50 543.13 29.16 0.02 r p2
/bg { 0.5176 0.4392 1 srgb } def
824.50 543.15 29.16 0.02 r p2
/bg { 1 0.8824 0.0980 srgb } def
727.31 754.37 29.16 0.02 r p2
/bg { 1 0.8471 0.6941 srgb } def
662.51 544.08 29.16 0.02 r p2
/bg { 0.5020 0.5020 0 srgb } def
727.31 604.51 29.16 0.00 r p2
792.10 543.22 29.16 0.00 r p2
630.12 543.93 29.16 0.00 r p2
694.91 612.96 29.16 0.00 r p2
662.51 544.10 29.16 0.00 r p2
759.71 604.83 29.16 0.00 r p2
824.50 543.17 29.16 0.00 r p2
/bg { 0.6667 1 0.7647 srgb } def
727.31 604.51 29.16 0.00 r p2
694.91 612.96 29.16 0.00 r p2
662.51 544.10 29.16 0.00 r p2
824.50 543.17 29.16 0.00 r p2
759.71 604.83 29.16 0.00 r p2
597.72 544.29 29.16 0.00 r p2
792.10 543.22 29.16 0.00 r p2
/bg { 0.9804 0.7451 0.7451 srgb } def
824.50 543.17 29.16 0.00 r p2
597.72 544.29 29.16 0.00 r p2
694.91 613.30 29.16 0.00 r p2
630.12 543.95 29.16 0.00 r p2
727.31 604.91 29.16 0.00 r p2
792.10 543.22 29.16 0.00 r p2
759.71 605.44 29.16 0.00 r p2
662.51 544.12 29.16 0.00 r p2
/bg { 0.5020 0 0 srgb } def
630.12 543.95 29.16 0.00 r p2
597.72 544.29 29.16 0.00 r p2
662.51 544.10 29.16 0.00 r p2
824.50 543.17 29.16 0.00 r p2
792.10 543.22 29.16 0.00 r p2
/bg { 0.9020 0.7451 1 srgb } def
630.12 543.95 29.16 0.00 r p2
662.51 544.12 29.16 0.00 r p2
597.72 544.29 29.16 0.00 r p2
792.10 543.22 29.16 0.00 r p2
824.50 543.17 29.16 0.00 r p2
/bg { 0.5020 0.5020 0.5020 srgb } def
662.51 543.13 29.16 0.00 r p2
792.10 543.22 29.16 0.00 r p2
630.12 543.13 29.16 0.00 r p2
727.31 583.20 29.16 0.00 r p2
597.72 543.13 29.16 0.00 r p2
824.50 543.17 29.16 0.00 r p2
/bg { 0 0 0.4588 srgb } def
694.91 584.37 29.16 0.00 r p2
792.10 543.22 29.16 0.00 r p2
824.50 543.17 29.16 0.00 r p2
759.71 579.86 29.16 0.00 r p2
/bg { 0 0.5020 0.5020 srgb } def
727.31 604.91 29.16 0.00 r p2
597.72 544.29 29.16 0.00 r p2
792.10 543.22 29.16 0.00 r p2
630.12 543.95 29.16 0.00 r p2
824.50 543.17 29.16 0.00 r p2
662.51 544.12 29.16 0.00 r p2
/bg { 0.9020 0.0980 0.2941 srgb } def
824.50 754.53 29.16 0.00 r p2
630.12 754.53 29.16 0.00 r p2
662.51 754.53 29.16 0.00 r p2
597.72 754.53 29.16 0.00 r p2
759.71 754.53 29.16 0.00 r p2
792.10 754.53 29.16 0.00 r p2
727.31 754.53 29.16 0.00 r p2
694.91 754.53 29.16 0.00 r p2
/bg { 0.9608 0.5098 0.1922 srgb } def
792.10 543.22 29.16 0.00 r p2
630.12 543.95 29.16 0.00 r p2
597.72 544.29 29.16 0.00 r p2
662.51 544.12 29.16 0.00 r p2
824.50 543.17 29.16 0.00 r p2
/bg { 0 0 0 srgb } def
662.51 543.13 29.16 0.00 r p2
792.10 543.22 29.16 0.00 r p2
824.50 543.15 29.16 0.00 r p2
597.72 543.13 29.16 0.00 r p2
630.12 543.13 29.16 0.00 r p2
694.91 583.82 29.16 0.00 r p2
759.71 578.83 29.16 0.00 r p2
727.31 582.23 29.16 0.00 r p2
/bg { 0.2627 0.3882 0.8471 srgb } def
662.51 754.45 29.16 0.00 r p2
597.72 754.43 29.16 0.00 r p2
630.12 754.37 29.16 0.00 r p2
824.50 754.53 29.16 0.00 r p2
/bg { 1 0.9804 0.7843 srgb } def
630.12 543.95 29.16 0.00 r p2
824.50 543.17 29.16 0.00 r p2
759.71 605.35 29.16 0.00 r p2
727.31 604.89 29.16 0.00 r p2
597.72 544.29 29.16 0.00 r p2
792.10 543.22 29.16 0.00 r p2
694.91 613.22 29.16 0.00 r p2
/bg { 0.7373 0.9647 0.0471 srgb } def
662.51 544.12 29.16 0.00 r p2
630.12 543.95 29.16 0.00 r p2
694.91 613.43 29.16 0.00 r p2
727.31 605.04 29.16 0.00 r p2
597.72 544.29 29.16 0.00 r p2
824.50 543.17 29.16 0.00 r p2
792.10 543.22 29.16 0.00 r p2
759.71 605.52 29.16 0.00 r p2
/bg { 0.9412 0.1961 0.9020 srgb } def
662.51 544.12 29.16 0.00 r p2
727.31 605.04 29.16 0.00 r p2
694.91 613.43 29.16 0.00 r p2
759.71 605.52 29.16 0.00 r p2
630.12 543.95 29.16 0.00 r p2
824.50 543.17 29.16 0.00 r p2
/bg { 1 0.3882 0.2784 srgb } def
662.51 543.13 29.16 0.00 r p2
630.12 543.13 29.16 0.00 r p2
597.72 543.13 29.16 0.00 r p2
/bg { 0.5176 0.4392 1 srgb } def
662.51 543.13 29.16 0.00 r p2
597.72 543.13 29.16 0.00 r p2
792.10 543.22 29.16 0.00 r p2
630.12 543.13 29.16 0.00 r p2
/bg { 1 0.8824 0.0980 srgb } def
792.10 754.53 29.16 0.00 r p2
662.51 754.45 29.16 0.00 r p2
824.50 754.53 29.16 0.00 r p2
630.12 754.37 29.16 0.00 r p2
694.91 754.28 29.16 0.00 r p2
597.72 754.43 29.16 0.00 r p2
759.71 754.45 29.16 0.00 r p2
/bg { 1 0.8471 0.6941 srgb } def
824.50 543.17 29.16 0.00 r p2
792.10 543.22 29.16 0.00 r p2
630.12 543.93 29.16 0.00 r p2
597.72 544.25 29.16 0.00 r p2
/bg { 0.2353 0.7059 0.2941 srgb } def
824.50 754.53 29.16 0.00 r p2
792.10 754.53 29.16 0.00 r p2
/bg { 0.6039 0.3882 0.1412 srgb } def
630.12 543.95 29.16 0.00 r p2
727.31 604.89 29.16 0.00 r p2
824.50 543.17 29.16 0.00 r p2
759.71 605.35 29.16 0.00 r p2
597.72 544.29 29.16 0.00 r p2
694.91 613.22 29.16 0.00 r p2
792.10 543.22 29.16 0.00 r p2
662.51 544.12 29.16 0.00 r p2
/bg { 0.2745 0.9412 0.9412 srgb } def
824.50 543.17 29.16 0.00 r p2
662.51 544.12 29.16 0.00 r p2
792.10 543.24 29.16 0.00 r p2
727.31 605.04 29.16 0.00 r p2
597.72 544.31 29.16 0.00 r p2
694.91 613.43 29.16 0.00 r p2
759.71 605.52 29.16 0.00 r p2
630.12 543.95 29.16 0.00 r p2
0 0 0 srgb
0.43 setlinewidth
[] 0 setdash
1 setlinecap
1 setlinejoin
10.00 setmiterlimit
592.86 532.56 265.66 232.53 r p1
0.00 0.00 864.00 792.00 cl
50.57 512.54 316.24 532.56 cl
50.57 512.54 316.24 532.56 cl
/bg { 0.8510 0.8510 0.8510 srgb } def
50.57 512.54 265.66 20.02 r p2
/Font2 findfont 12 s
0.1020 0.1020 0.1020 srgb
162.07 518.24 (Contr) 0 ta
-0.240 (ol) tb gr
50.57 512.54 316.24 532.56 cl
50.57 512.54 316.24 532.56 cl
0.00 0.00 864.00 792.00 cl
321.72 512.54 587.38 532.56 cl
321.72 512.54 587.38 532.56 cl
/bg { 0.8510 0.8510 0.8510 srgb } def
321.72 512.54 265.66 20.02 r p2
/Font2 findfont 12 s
0.1020 0.1020 0.1020 srgb
402.54 518.24 (W) 0 ta
-0.480 (ater withholding) tb gr
321.72 512.54 587.38 532.56 cl
321.72 512.54 587.38 532.56 cl
0.00 0.00 864.00 792.00 cl
592.86 512.54 858.52 532.56 cl
592.86 512.54 858.52 532.56 cl
/bg { 0.8510 0.8510 0.8510 srgb } def
592.86 512.54 265.66 20.02 r p2
/Font2 findfont 12 s
0.1020 0.1020 0.1020 srgb
677.69 518.24 (Nutrient ad) 0 ta
-0.120 (dition) tb gr
592.86 512.54 858.52 532.56 cl
592.86 512.54 858.52 532.56 cl
0.00 0.00 864.00 792.00 cl
0.00 0.00 864.00 792.00 cl
0.00 0.00 864.00 792.00 cl
0.00 0.00 864.00 792.00 cl
0.00 0.00 864.00 792.00 cl
0.00 0.00 864.00 792.00 cl
0.00 0.00 864.00 792.00 cl
0.00 0.00 864.00 792.00 cl
0.00 0.00 864.00 792.00 cl
0.00 0.00 864.00 792.00 cl
0.00 0.00 864.00 792.00 cl
0.00 0.00 864.00 792.00 cl
0.00 0.00 864.00 792.00 cl
0.00 0.00 864.00 792.00 cl
0.00 0.00 864.00 792.00 cl
0.00 0.00 864.00 792.00 cl
0.00 0.00 864.00 792.00 cl
0.00 0.00 864.00 792.00 cl
0.00 0.00 864.00 792.00 cl
0.00 0.00 864.00 792.00 cl
0.00 0.00 864.00 792.00 cl
0.00 0.00 864.00 792.00 cl
0.00 0.00 864.00 792.00 cl
0.00 0.00 864.00 792.00 cl
0.00 0.00 864.00 792.00 cl
0.00 0.00 864.00 792.00 cl
0.00 0.00 864.00 792.00 cl
0.00 0.00 864.00 792.00 cl
0.00 0.00 864.00 792.00 cl
0.00 0.00 864.00 792.00 cl
0.00 0.00 864.00 792.00 cl
0.00 0.00 864.00 792.00 cl
0.00 0.00 864.00 792.00 cl
/Font2 findfont 12 s
0.3020 0.3020 0.3020 srgb
45.64 538.82 (0.00) 1 0 t
45.64 591.67 (0.25) 1 0 t
45.64 644.52 (0.50) 1 0 t
45.64 697.37 (0.75) 1 0 t
45.64 750.22 (1.00) 1 0 t
0.00 0.00 864.00 792.00 cl
0.00 0.00 864.00 792.00 cl
0.2000 0.2000 0.2000 srgb
1.07 setlinewidth
[] 0 setdash
0 setlinecap
1 setlinejoin
10.00 setmiterlimit
np
47.83 543.13 m
2.74 0 l
o
np
47.83 595.98 m
2.74 0 l
o
np
47.83 648.83 m
2.74 0 l
o
np
47.83 701.68 m
2.74 0 l
o
np
47.83 754.53 m
2.74 0 l
o
0.00 0.00 864.00 792.00 cl
0.00 0.00 864.00 792.00 cl
0.00 0.00 864.00 792.00 cl
0.00 0.00 864.00 792.00 cl
0.00 0.00 864.00 792.00 cl
0.00 0.00 864.00 792.00 cl
0.00 0.00 864.00 792.00 cl
0.00 0.00 864.00 792.00 cl
0.00 0.00 864.00 792.00 cl
0.00 0.00 864.00 792.00 cl
/Font2 findfont 15 s
0 0 0 srgb
16.25 555.89 (Mean Relative Ab) 90 ta
-0.300 (undance) tb gr
0.00 0.00 864.00 792.00 cl
0.00 0.00 864.00 792.00 cl
0.00 0.00 864.00 792.00 cl
0.00 0.00 864.00 792.00 cl
0.00 0.00 864.00 792.00 cl
0.00 0.00 864.00 792.00 cl
0.00 0.00 864.00 792.00 cl
0.00 0.00 864.00 792.00 cl
/bg { 1 1 1 srgb } def
84.68 401.48 739.73 97.36 r p2
0.00 0.00 864.00 792.00 cl
0.00 0.00 864.00 792.00 cl
0.00 0.00 864.00 792.00 cl
0.00 0.00 864.00 792.00 cl
/Font2 findfont 11 s
0 0 0 srgb
90.16 446.21 (Gen) 0 ta
-0.110 (us) tb gr
0.00 0.00 864.00 792.00 cl
0.00 0.00 864.00 792.00 cl
0.00 0.00 864.00 792.00 cl
/bg { 0.9490 0.9490 0.9490 srgb } def
129.76 476.08 17.28 17.28 r p2
0.00 0.00 864.00 792.00 cl
0.00 0.00 864.00 792.00 cl
/bg { 0.9020 0.0980 0.2941 srgb } def
130.47 476.79 15.86 15.86 r p2
0.00 0.00 864.00 792.00 cl
0.00 0.00 864.00 792.00 cl
/bg { 0.9490 0.9490 0.9490 srgb } def
129.76 458.80 17.28 17.28 r p2
0.00 0.00 864.00 792.00 cl
0.00 0.00 864.00 792.00 cl
/bg { 0.2353 0.7059 0.2941 srgb } def
130.47 459.51 15.86 15.86 r p2
0.00 0.00 864.00 792.00 cl
0.00 0.00 864.00 792.00 cl
/bg { 0.9490 0.9490 0.9490 srgb } def
129.76 441.52 17.28 17.28 r p2
0.00 0.00 864.00 792.00 cl
0.00 0.00 864.00 792.00 cl
/bg { 1 0.8824 0.0980 srgb } def
130.47 442.23 15.86 15.86 r p2
0.00 0.00 864.00 792.00 cl
0.00 0.00 864.00 792.00 cl
/bg { 0.9490 0.9490 0.9490 srgb } def
129.76 424.24 17.28 17.28 r p2
0.00 0.00 864.00 792.00 cl
0.00 0.00 864.00 792.00 cl
/bg { 0.2627 0.3882 0.8471 srgb } def
130.47 424.95 15.86 15.86 r p2
0.00 0.00 864.00 792.00 cl
0.00 0.00 864.00 792.00 cl
/bg { 0.9490 0.9490 0.9490 srgb } def
129.76 406.96 17.28 17.28 r p2
0.00 0.00 864.00 792.00 cl
0.00 0.00 864.00 792.00 cl
/bg { 0.5686 0.1176 0.7059 srgb } def
130.47 407.67 15.86 15.86 r p2
0.00 0.00 864.00 792.00 cl
0.00 0.00 864.00 792.00 cl
/bg { 0.9490 0.9490 0.9490 srgb } def
407.80 476.08 17.28 17.28 r p2
0.00 0.00 864.00 792.00 cl
0.00 0.00 864.00 792.00 cl
/bg { 0.2745 0.9412 0.9412 srgb } def
408.51 476.79 15.86 15.86 r p2
0.00 0.00 864.00 792.00 cl
0.00 0.00 864.00 792.00 cl
/bg { 0.9490 0.9490 0.9490 srgb } def
407.80 458.80 17.28 17.28 r p2
0.00 0.00 864.00 792.00 cl
0.00 0.00 864.00 792.00 cl
/bg { 0.9412 0.1961 0.9020 srgb } def
408.51 459.51 15.86 15.86 r p2
0.00 0.00 864.00 792.00 cl
0.00 0.00 864.00 792.00 cl
/bg { 0.9490 0.9490 0.9490 srgb } def
407.80 441.52 17.28 17.28 r p2
0.00 0.00 864.00 792.00 cl
0.00 0.00 864.00 792.00 cl
/bg { 0.7373 0.9647 0.0471 srgb } def
408.51 442.23 15.86 15.86 r p2
0.00 0.00 864.00 792.00 cl
0.00 0.00 864.00 792.00 cl
/bg { 0.9490 0.9490 0.9490 srgb } def
407.80 424.24 17.28 17.28 r p2
0.00 0.00 864.00 792.00 cl
0.00 0.00 864.00 792.00 cl
/bg { 0.9608 0.5098 0.1922 srgb } def
408.51 424.95 15.86 15.86 r p2
0.00 0.00 864.00 792.00 cl
0.00 0.00 864.00 792.00 cl
/bg { 0.9490 0.9490 0.9490 srgb } def
407.80 406.96 17.28 17.28 r p2
0.00 0.00 864.00 792.00 cl
0.00 0.00 864.00 792.00 cl
/bg { 0.9804 0.7451 0.7451 srgb } def
408.51 407.67 15.86 15.86 r p2
0.00 0.00 864.00 792.00 cl
0.00 0.00 864.00 792.00 cl
/bg { 0.9490 0.9490 0.9490 srgb } def
497.62 476.08 17.28 17.28 r p2
0.00 0.00 864.00 792.00 cl
0.00 0.00 864.00 792.00 cl
/bg { 0 0.5020 0.5020 srgb } def
498.33 476.79 15.86 15.86 r p2
0.00 0.00 864.00 792.00 cl
0.00 0.00 864.00 792.00 cl
/bg { 0.9490 0.9490 0.9490 srgb } def
497.62 458.80 17.28 17.28 r p2
0.00 0.00 864.00 792.00 cl
0.00 0.00 864.00 792.00 cl
/bg { 0.9020 0.7451 1 srgb } def
498.33 459.51 15.86 15.86 r p2
0.00 0.00 864.00 792.00 cl
0.00 0.00 864.00 792.00 cl
/bg { 0.9490 0.9490 0.9490 srgb } def
497.62 441.52 17.28 17.28 r p2
0.00 0.00 864.00 792.00 cl
0.00 0.00 864.00 792.00 cl
/bg { 0.6039 0.3882 0.1412 srgb } def
498.33 442.23 15.86 15.86 r p2
0.00 0.00 864.00 792.00 cl
0.00 0.00 864.00 792.00 cl
/bg { 0.9490 0.9490 0.9490 srgb } def
497.62 424.24 17.28 17.28 r p2
0.00 0.00 864.00 792.00 cl
0.00 0.00 864.00 792.00 cl
/bg { 1 0.9804 0.7843 srgb } def
498.33 424.95 15.86 15.86 r p2
0.00 0.00 864.00 792.00 cl
0.00 0.00 864.00 792.00 cl
/bg { 0.9490 0.9490 0.9490 srgb } def
497.62 406.96 17.28 17.28 r p2
0.00 0.00 864.00 792.00 cl
0.00 0.00 864.00 792.00 cl
/bg { 0.5020 0 0 srgb } def
498.33 407.67 15.86 15.86 r p2
0.00 0.00 864.00 792.00 cl
0.00 0.00 864.00 792.00 cl
/bg { 0.9490 0.9490 0.9490 srgb } def
619.10 476.08 17.28 17.28 r p2
0.00 0.00 864.00 792.00 cl
0.00 0.00 864.00 792.00 cl
/bg { 0.6667 1 0.7647 srgb } def
619.81 476.79 15.86 15.86 r p2
0.00 0.00 864.00 792.00 cl
0.00 0.00 864.00 792.00 cl
/bg { 0.9490 0.9490 0.9490 srgb } def
619.10 458.80 17.28 17.28 r p2
0.00 0.00 864.00 792.00 cl
0.00 0.00 864.00 792.00 cl
/bg { 0.5020 0.5020 0 srgb } def
619.81 459.51 15.86 15.86 r p2
0.00 0.00 864.00 792.00 cl
0.00 0.00 864.00 792.00 cl
/bg { 0.9490 0.9490 0.9490 srgb } def
619.10 441.52 17.28 17.28 r p2
0.00 0.00 864.00 792.00 cl
0.00 0.00 864.00 792.00 cl
/bg { 1 0.8471 0.6941 srgb } def
619.81 442.23 15.86 15.86 r p2
0.00 0.00 864.00 792.00 cl
0.00 0.00 864.00 792.00 cl
/bg { 0.9490 0.9490 0.9490 srgb } def
619.10 424.24 17.28 17.28 r p2
0.00 0.00 864.00 792.00 cl
0.00 0.00 864.00 792.00 cl
/bg { 0 0 0.4588 srgb } def
619.81 424.95 15.86 15.86 r p2
0.00 0.00 864.00 792.00 cl
0.00 0.00 864.00 792.00 cl
/bg { 0.9490 0.9490 0.9490 srgb } def
619.10 406.96 17.28 17.28 r p2
0.00 0.00 864.00 792.00 cl
0.00 0.00 864.00 792.00 cl
/bg { 0.5020 0.5020 0.5020 srgb } def
619.81 407.67 15.86 15.86 r p2
0.00 0.00 864.00 792.00 cl
0.00 0.00 864.00 792.00 cl
/bg { 0.9490 0.9490 0.9490 srgb } def
737.26 476.08 17.28 17.28 r p2
0.00 0.00 864.00 792.00 cl
0.00 0.00 864.00 792.00 cl
/bg { 0.5176 0.4392 1 srgb } def
737.97 476.79 15.86 15.86 r p2
0.00 0.00 864.00 792.00 cl
0.00 0.00 864.00 792.00 cl
/bg { 0.9490 0.9490 0.9490 srgb } def
737.26 458.80 17.28 17.28 r p2
0.00 0.00 864.00 792.00 cl
0.00 0.00 864.00 792.00 cl
/bg { 0 0 0 srgb } def
737.97 459.51 15.86 15.86 r p2
0.00 0.00 864.00 792.00 cl
0.00 0.00 864.00 792.00 cl
/bg { 0.9490 0.9490 0.9490 srgb } def
737.26 441.52 17.28 17.28 r p2
0.00 0.00 864.00 792.00 cl
0.00 0.00 864.00 792.00 cl
/bg { 1 0.3882 0.2784 srgb } def
737.97 442.23 15.86 15.86 r p2
0.00 0.00 864.00 792.00 cl
0.00 0.00 864.00 792.00 cl
0.00 0.00 864.00 792.00 cl
0.00 0.00 864.00 792.00 cl
/Font1 findfont 10 s
0 0 0 srgb
152.52 481.13 (Allorhiz) 0 ta
-0.150 (obium-Neorhiz) tb
-0.150 (obium-P) tb
-0.400 (ar) tb
-0.100 (arhiz) tb
-0.150 (obium-Rhiz) tb
-0.150 (obium) tb gr
0.00 0.00 864.00 792.00 cl
0.00 0.00 864.00 792.00 cl
0.00 0.00 864.00 792.00 cl
0.00 0.00 864.00 792.00 cl
0.00 0.00 864.00 792.00 cl
/Font1 findfont 10 s
0 0 0 srgb
152.52 463.85 (Anaerobacillus) 0 0 t
0.00 0.00 864.00 792.00 cl
0.00 0.00 864.00 792.00 cl
0.00 0.00 864.00 792.00 cl
0.00 0.00 864.00 792.00 cl
0.00 0.00 864.00 792.00 cl
/Font1 findfont 10 s
0 0 0 srgb
152.52 446.57 (Ar) 0 ta
0.400 (throbacter) tb gr
0.00 0.00 864.00 792.00 cl
0.00 0.00 864.00 792.00 cl
0.00 0.00 864.00 792.00 cl
0.00 0.00 864.00 792.00 cl
0.00 0.00 864.00 792.00 cl
/Font1 findfont 10 s
0 0 0 srgb
152.52 429.29 (Bacillaceae) 0 0 t
0.00 0.00 864.00 792.00 cl
0.00 0.00 864.00 792.00 cl
0.00 0.00 864.00 792.00 cl
0.00 0.00 864.00 792.00 cl
0.00 0.00 864.00 792.00 cl
/Font1 findfont 10 s
0 0 0 srgb
152.52 412.01 (Bacillus) 0 0 t
0.00 0.00 864.00 792.00 cl
0.00 0.00 864.00 792.00 cl
0.00 0.00 864.00 792.00 cl
0.00 0.00 864.00 792.00 cl
0.00 0.00 864.00 792.00 cl
/Font1 findfont 10 s
0 0 0 srgb
430.56 481.13 (Bdello) 0 ta
-0.150 (vibr) tb
0.150 (io) tb gr
0.00 0.00 864.00 792.00 cl
0.00 0.00 864.00 792.00 cl
0.00 0.00 864.00 792.00 cl
0.00 0.00 864.00 792.00 cl
0.00 0.00 864.00 792.00 cl
/Font1 findfont 10 s
0 0 0 srgb
430.56 463.85 (Blastococcus) 0 0 t
0.00 0.00 864.00 792.00 cl
0.00 0.00 864.00 792.00 cl
0.00 0.00 864.00 792.00 cl
0.00 0.00 864.00 792.00 cl
0.00 0.00 864.00 792.00 cl
/Font1 findfont 10 s
0 0 0 srgb
430.56 446.57 (Bre) 0 ta
-0.300 (vibacillus) tb gr
0.00 0.00 864.00 792.00 cl
0.00 0.00 864.00 792.00 cl
0.00 0.00 864.00 792.00 cl
0.00 0.00 864.00 792.00 cl
0.00 0.00 864.00 792.00 cl
/Font1 findfont 10 s
0 0 0 srgb
430.56 429.29 (Colw) 0 ta
-0.100 (elliaceae) tb gr
0.00 0.00 864.00 792.00 cl
0.00 0.00 864.00 792.00 cl
0.00 0.00 864.00 792.00 cl
0.00 0.00 864.00 792.00 cl
0.00 0.00 864.00 792.00 cl
/Font1 findfont 10 s
0 0 0 srgb
430.56 412.01 (Dy) 0 ta
-0.200 (adobacter) tb gr
0.00 0.00 864.00 792.00 cl
0.00 0.00 864.00 792.00 cl
0.00 0.00 864.00 792.00 cl
0.00 0.00 864.00 792.00 cl
0.00 0.00 864.00 792.00 cl
/Font1 findfont 10 s
0 0 0 srgb
520.38 481.13 (Escher) 0 ta
0.150 (ichia-Shigella) tb gr
0.00 0.00 864.00 792.00 cl
0.00 0.00 864.00 792.00 cl
0.00 0.00 864.00 792.00 cl
0.00 0.00 864.00 792.00 cl
0.00 0.00 864.00 792.00 cl
/Font1 findfont 10 s
0 0 0 srgb
520.38 463.85 (Fictibacillus) 0 0 t
0.00 0.00 864.00 792.00 cl
0.00 0.00 864.00 792.00 cl
0.00 0.00 864.00 792.00 cl
0.00 0.00 864.00 792.00 cl
0.00 0.00 864.00 792.00 cl
/Font1 findfont 10 s
0 0 0 srgb
520.38 446.57 (Gemmatimonas) 0 0 t
0.00 0.00 864.00 792.00 cl
0.00 0.00 864.00 792.00 cl
0.00 0.00 864.00 792.00 cl
0.00 0.00 864.00 792.00 cl
0.00 0.00 864.00 792.00 cl
/Font1 findfont 10 s
0 0 0 srgb
520.38 429.29 (Nitrospir) 0 ta
-0.100 (a) tb gr
0.00 0.00 864.00 792.00 cl
0.00 0.00 864.00 792.00 cl
0.00 0.00 864.00 792.00 cl
0.00 0.00 864.00 792.00 cl
0.00 0.00 864.00 792.00 cl
/Font1 findfont 10 s
0 0 0 srgb
520.38 412.01 (P) 0 ta
-0.400 (aenibacillus) tb gr
0.00 0.00 864.00 792.00 cl
0.00 0.00 864.00 792.00 cl
0.00 0.00 864.00 792.00 cl
0.00 0.00 864.00 792.00 cl
0.00 0.00 864.00 792.00 cl
/Font1 findfont 10 s
0 0 0 srgb
641.86 481.13 (P) 0 ta
-0.500 (edobacter) tb gr
0.00 0.00 864.00 792.00 cl
0.00 0.00 864.00 792.00 cl
0.00 0.00 864.00 792.00 cl
0.00 0.00 864.00 792.00 cl
0.00 0.00 864.00 792.00 cl
/Font1 findfont 10 s
0 0 0 srgb
641.86 463.85 (Promicromonospor) 0 ta
-0.100 (a) tb gr
0.00 0.00 864.00 792.00 cl
0.00 0.00 864.00 792.00 cl
0.00 0.00 864.00 792.00 cl
0.00 0.00 864.00 792.00 cl
0.00 0.00 864.00 792.00 cl
/Font1 findfont 10 s
0 0 0 srgb
641.86 446.57 (Pseudomonas) 0 0 t
0.00 0.00 864.00 792.00 cl
0.00 0.00 864.00 792.00 cl
0.00 0.00 864.00 792.00 cl
0.00 0.00 864.00 792.00 cl
0.00 0.00 864.00 792.00 cl
/Font1 findfont 10 s
0 0 0 srgb
641.86 429.29 (Solibacillus) 0 0 t
0.00 0.00 864.00 792.00 cl
0.00 0.00 864.00 792.00 cl
0.00 0.00 864.00 792.00 cl
0.00 0.00 864.00 792.00 cl
0.00 0.00 864.00 792.00 cl
/Font1 findfont 10 s
0 0 0 srgb
641.86 412.01 (Sphingobacter) 0 ta
0.150 (ium) tb gr
0.00 0.00 864.00 792.00 cl
0.00 0.00 864.00 792.00 cl
0.00 0.00 864.00 792.00 cl
0.00 0.00 864.00 792.00 cl
0.00 0.00 864.00 792.00 cl
/Font1 findfont 10 s
0 0 0 srgb
760.02 481.13 (Sporosarcina) 0 0 t
0.00 0.00 864.00 792.00 cl
0.00 0.00 864.00 792.00 cl
0.00 0.00 864.00 792.00 cl
0.00 0.00 864.00 792.00 cl
0.00 0.00 864.00 792.00 cl
/Font1 findfont 10 s
0 0 0 srgb
760.02 463.85 (Subgroup 6) 0 0 t
0.00 0.00 864.00 792.00 cl
0.00 0.00 864.00 792.00 cl
0.00 0.00 864.00 792.00 cl
0.00 0.00 864.00 792.00 cl
0.00 0.00 864.00 792.00 cl
/Font1 findfont 10 s
0 0 0 srgb
760.02 446.57 (Virgibacillus) 0 0 t
0.00 0.00 864.00 792.00 cl
0.00 0.00 864.00 792.00 cl
0.00 0.00 864.00 792.00 cl
0.00 0.00 864.00 792.00 cl
0.00 0.00 864.00 792.00 cl
0.00 0.00 864.00 792.00 cl
0.00 0.00 864.00 792.00 cl
/Font2 findfont 17 s
0 0 0 srgb
50.57 774.31 (A. Bacteria/ar) 0 ta
-0.340 (c) tb
-0.170 (haea) tb gr
0.00 0.00 864.00 792.00 cl
0.00 0.00 864.00 792.00 cl
0.00 0.00 864.00 792.00 cl
0.00 0.00 864.00 792.00 cl
0.00 0.00 864.00 792.00 cl
0.00 0.00 864.00 792.00 cl
0.00 0.00 864.00 792.00 cl
0.00 0.00 864.00 792.00 cl
0.00 0.00 864.00 792.00 cl
0.00 0.00 864.00 792.00 cl
0.00 0.00 864.00 792.00 cl
0.00 0.00 864.00 792.00 cl
0.00 0.00 864.00 792.00 cl
0.00 0.00 864.00 792.00 cl
0.00 0.00 864.00 396.00 cl
/bg { 1 1 1 srgb } def
1 1 1 srgb
1.07 setlinewidth
[] 0 setdash
1 setlinecap
1 setlinejoin
10.00 setmiterlimit
0.00 0.00 864.00 396.00 r p3
0.00 0.00 864.00 792.00 cl
50.57 136.56 316.24 369.10 cl
/bg { 0.2353 0.7059 0.2941 srgb } def
152.63 163.30 29.16 195.22 r p2
55.43 166.90 29.16 191.62 r p2
87.83 167.32 29.16 191.21 r p2
